[7780, 1940, 1020, 646]
count 10
bm25_document: [0.02915438841994858, 0.06542035682794009, 0.19194454856218776, 0.3205934089775389]
bert_document: [0.010266913113557881, 0.07005656209363417, 0.21740686100832202, 0.42611444350388317]

count 100
bm25_document: [0.20874625558408821, 0.3858014037610484, 0.46255894591551044, 0.5810255233987351]
bert_document: [0.09373028149420291, 0.31273219641434596, 0.49253579093127575, 0.6295410512479173]

count 200
bm25_document: [0.2859102573040552, 0.4665522409945482, 0.551764219108222, 0.6241713295462533]
bert_document: [0.1453374950751179, 0.38035585146709, 0.5793627708131381, 0.6715561926843506]

count 500
bm25_document: [0.3926522293711423, 0.5667511654548114, 0.669860921109053, 0.6876604205326309]
bert_document: [0.21297108272168358, 0.4632726585783683, 0.6606487054026781, 0.7306459870438748]

count 1000
bm25_document: [0.4670475224940379, 0.621927401509996, 0.7399676993716107, 0.7240609109373716]
bert_document: [0.28563547513171056, 0.5474043831411506, 0.7132081439950587, 0.7555800901339723]

