[5158, 1601, 1804, 697]
count 10
bm25_document: [0.036994220749012444, 0.08883094727925665, 0.14440519374230562, 0.2315915920122097]
bert_document: [0.012515587933765447, 0.06808492328848537, 0.18889336647020413, 0.30356974535781206]

count 100
bm25_document: [0.20179116239106107, 0.4398564045002656, 0.44012885364505466, 0.48133781572022677]
bert_document: [0.10684301283769806, 0.3502711040391023, 0.4999407860599107, 0.5746607118541344]

count 200
bm25_document: [0.2845968156719205, 0.5472770604499405, 0.54149597962161, 0.5548884503014421]
bert_document: [0.15490986396709713, 0.43564000036878614, 0.5838000612682173, 0.6344987814013262]

count 500
bm25_document: [0.3975589345759108, 0.6750660448666455, 0.6289178830035137, 0.6116717168140158]
bert_document: [0.22434229176901913, 0.5377180119533257, 0.6657687400144323, 0.6713429744295879]

count 1000
bm25_document: [0.46549483705857647, 0.7381706613368921, 0.698206257150293, 0.7002555177623401]
bert_document: [0.3051544106862275, 0.619850611829314, 0.724530584086775, 0.7105523434018858]

