[7780, 1940, 1020, 646]
count 10
bm25_document: [0.02915438841994858, 0.06542035682794009, 0.19194454856218776, 0.3205934089775389]
bert_document: [0.012138887699677239, 0.09287918798706608, 0.20806028149859518, 0.40644386363249807]

count 100
bm25_document: [0.20874625558408821, 0.3858014037610484, 0.46255894591551044, 0.5810255233987351]
bert_document: [0.1131982346975175, 0.3568904787656476, 0.5302620535089696, 0.6778365557090541]

count 200
bm25_document: [0.2859102573040552, 0.4665522409945482, 0.551764219108222, 0.6241713295462533]
bert_document: [0.16687029647787355, 0.4252690120940236, 0.5789948587836032, 0.6962438879943832]

count 500
bm25_document: [0.3926522293711423, 0.5667511654548114, 0.669860921109053, 0.6876604205326309]
bert_document: [0.23931008952810806, 0.5115914802528225, 0.6377975695755818, 0.7273990608517573]

count 1000
bm25_document: [0.4670475224940379, 0.621927401509996, 0.7399676993716107, 0.7240609109373716]
bert_document: [0.3162761157986124, 0.5916308599297341, 0.6966303305429378, 0.7492667205580918]

