[5158, 1601, 1804, 697]
count 10
bm25_document: [0.036994220749012444, 0.08883094727925665, 0.14440519374230562, 0.2315915920122097]
bert_document: [0.011167268740704532, 0.06901169224877911, 0.17638588570825914, 0.24808441474484957]

count 100
bm25_document: [0.20179116239106107, 0.4398564045002656, 0.44012885364505466, 0.48133781572022677]
bert_document: [0.10481933332578816, 0.3110470459924224, 0.4783568348017172, 0.5843983551215105]

count 200
bm25_document: [0.2845968156719205, 0.5472770604499405, 0.54149597962161, 0.5548884503014421]
bert_document: [0.155166135713766, 0.41180104800534356, 0.5590439197597886, 0.6439711134339308]

count 500
bm25_document: [0.3975589345759108, 0.6750660448666455, 0.6289178830035137, 0.6116717168140158]
bert_document: [0.2259029021943527, 0.5219568443875965, 0.650862853048988, 0.6912932150042908]

count 1000
bm25_document: [0.46549483705857647, 0.7381706613368921, 0.698206257150293, 0.7002555177623401]
bert_document: [0.300690022027697, 0.6296504711745929, 0.7064633286909666, 0.7103642190183365]

